    0 1 2 3 4 5 6 7 8 9 
------------------------------
 0| 1 1 1 1 1 1 1 1 1 1 
 1| 1 0 0 0 0 0 0 0 0 1 
 2| 1 2 0 0 0 1 0 1 0 1 
 3| 1 1 1 1 0 1 0 1 0 1 
 4| 1 0 0 0 0 0 0 1 0 1 
 5| 1 0 1 1 1 1 1 1 0 3 
 6| 1 0 0 0 0 0 0 0 0 1 
 7| 1 1 1 1 1 1 1 1 0 1 
 8| 3 1 0 0 1 0 0 0 0 1 
 9| 1 1 0 1 0 0 1 1 1 1 
10| 1 0 0 0 0 0 0 3 0 1 
11| 1 1 1 1 1 1 1 1 1 1 

[2, 1] -> (2, 1) -> (1, 1) -> (1, 2) -> (1, 3) -> (1, 4) -> (1, 5) -> (1, 6) -> (1, 7) -> (1, 8) -> (2, 8) -> (3, 8) -> (4, 8) -> (5, 8) -> (5, 9)
[8, 0] -> (8, 0)
[2, 1] -> (2, 1) -> (1, 1) -> (1, 2) -> (1, 3) -> (1, 4) -> (1, 5) -> (1, 6) -> (1, 7) -> (1, 8) -> (2, 8) -> (3, 8) -> (4, 8) -> (5, 8) -> (6, 8) -> (7, 8) -> (8, 8) -> (8, 7) -> (8, 6) -> (8, 5) -> (9, 5) -> (10, 5) -> (10, 6) -> (10, 7)
